20.0
67.1
14.0
40.0
67.1
14.0
60.0
67.1
14.0
80.0
67.1
14.0
100.0
66.92
14.0
120.0
66.92
14.0
140.0
66.92
14.0
160.0
66.92
14.0
180.0
66.92
13.0
200.0
66.92
13.0
220.0
66.92
13.0
240.0
66.74
13.0
260.0
66.74
13.0
280.0
66.74
13.0
300.0
66.74
13.0
320.0
66.74
13.0
340.0
66.56
13.0
360.0
66.56
13.0
380.0
66.56
13.0
400.0
66.56
13.0
420.0
66.56
13.0
440.0
66.56
13.0
460.0
66.38
13.0
480.0
66.38
14.0
500.0
66.38
13.0
520.0
66.38
14.0
540.0
66.38
14.0
560.0
66.38
14.0
580.0
66.38
14.0
600.0
66.38
14.0
620.0
66.38
14.0
640.0
66.38
13.0
661.0
66.38
14.0
681.0
66.38
14.0
701.0
66.38
14.0
721.0
66.38
14.0
741.0
66.38
14.0
761.0
66.38
13.0
781.0
66.38
13.0
801.0
66.38
13.0
821.0
66.38
13.0
841.0
66.38
13.0
861.0
66.38
13.0
881.0
66.38
13.0
901.0
66.38
13.0
921.0
66.38
14.0
941.0
66.38
13.0
961.0
66.38
13.0
981.0
66.38
13.0
1001.0
66.38
13.0
1021.0
66.38
13.0
1041.0
66.38
13.0
1061.0
66.38
13.0
1081.0
66.38
13.0
1101.0
66.38
13.0
1121.0
66.38
13.0
1141.0
66.38
13.0
1161.0
66.38
13.0
1181.0
66.38
13.0
1201.0
66.38
13.0
1221.0
66.38
13.0
1241.0
66.38
13.0
1261.0
66.38
13.0
1281.0
66.38
13.0
1302.0
66.38
13.0
1322.0
66.56
13.0
1342.0
66.38
13.0
1362.0
66.38
13.0
1382.0
66.38
13.0
1402.0
66.38
13.0
1422.0
66.38
13.0
1442.0
66.38
13.0
1462.0
66.38
13.0
1482.0
66.38
13.0
1502.0
66.38
13.0
1522.0
66.38
13.0
1542.0
66.38
13.0
1562.0
66.38
13.0
1582.0
66.38
13.0
1602.0
66.38
13.0
1622.0
66.38
13.0
1642.0
66.38
13.0
1662.0
66.56
13.0
1682.0
66.38
13.0
1702.0
66.38
13.0
1722.0
66.38
13.0
1742.0
66.38
13.0
1762.0
66.38
13.0
1782.0
66.38
13.0
1802.0
66.38
13.0
1822.0
66.38
14.0
1842.0
66.38
13.0
1862.0
66.38
13.0
1882.0
66.38
13.0
1902.0
66.38
13.0
1922.0
66.38
13.0
1943.0
66.38
13.0
1963.0
66.38
14.0
1983.0
66.38
13.0
2003.0
66.38
13.0
2023.0
66.38
13.0
2043.0
66.38
13.0
2063.0
66.38
13.0
2083.0
66.38
13.0
2103.0
66.38
13.0
2123.0
66.38
14.0
2143.0
66.38
14.0
2163.0
66.38
14.0
2183.0
66.56
15.0
2203.0
66.38
15.0
2223.0
66.38
15.0
2243.0
66.38
15.0
2303.0
66.56
17.0
2323.0
66.56
19.0
2343.0
66.56
20.0
2363.0
66.56
18.0
2383.0
66.74
18.0
2403.0
66.74
19.0
2423.0
66.74
18.0
2443.0
66.56
19.0
2463.0
66.56
19.0
2483.0
66.56
20.0
2503.0
66.56
20.0
2523.0
66.56
20.0
2543.0
66.56
20.0
2563.0
66.56
20.0
2584.0
66.56
20.0
2604.0
66.56
20.0
2624.0
66.56
20.0
2644.0
66.56
20.0
2664.0
66.56
20.0
2684.0
66.56
20.0
2704.0
66.56
20.0
2724.0
66.56
20.0
2744.0
66.56
20.0
2764.0
66.56
20.0
2784.0
66.38
20.0
2804.0
66.38
20.0
2824.0
66.38
20.0
2844.0
66.38
20.0
2864.0
66.56
20.0
2884.0
66.38
20.0
2904.0
66.56
20.0
2924.0
66.38
20.0
2944.0
66.56
19.0
2964.0
66.56
20.0
2984.0
66.38
20.0
3004.0
66.38
20.0
3024.0
66.56
19.0
3044.0
66.56
19.0
3064.0
66.38
19.0
3084.0
66.56
19.0
3104.0
66.56
19.0
3124.0
66.38
19.0
3144.0
66.38
19.0
3164.0
66.38
19.0
3184.0
66.38
19.0
3204.0
66.56
19.0
3225.0
66.38
19.0
3245.0
66.38
19.0
3265.0
66.38
19.0
3285.0
66.56
18.0
3305.0
66.56
18.0
3325.0
66.56
18.0
3345.0
66.56
18.0
3365.0
66.56
18.0
3385.0
66.56
18.0
3405.0
66.56
18.0
3425.0
66.56
18.0
3445.0
66.56
18.0
3465.0
66.56
18.0
3485.0
66.56
18.0
3505.0
66.38
18.0
3525.0
66.56
18.0
3545.0
66.38
18.0
3565.0
66.38
18.0
3585.0
66.38
18.0
3605.0
66.56
18.0
3625.0
66.38
18.0
3645.0
66.38
18.0
3665.0
66.38
17.0
3685.0
66.38
17.0
3705.0
66.38
17.0
3725.0
66.38
17.0
3745.0
66.38
17.0
3765.0
66.38
17.0
3785.0
66.38
17.0
3805.0
66.38
17.0
3825.0
66.56
17.0
3845.0
66.38
17.0
3866.0
66.38
17.0
3886.0
66.38
17.0
3906.0
66.38
17.0
3926.0
66.38
17.0
3946.0
66.38
17.0
3966.0
66.38
17.0
3986.0
66.38
17.0
4006.0
66.38
17.0
4026.0
66.38
17.0
4046.0
66.38
17.0
4066.0
66.38
17.0
4086.0
66.38
16.0
4106.0
66.56
17.0
4126.0
66.38
16.0
4146.0
66.38
16.0
4166.0
66.38
16.0
4186.0
66.38
16.0
4206.0
66.38
16.0
4226.0
66.38
16.0
4246.0
66.38
16.0
4266.0
66.38
16.0
4286.0
66.38
16.0
4306.0
66.38
16.0
4326.0
66.38
16.0
4346.0
66.38
16.0
4366.0
66.38
16.0
4386.0
66.38
16.0
4406.0
66.38
16.0
4426.0
66.38
16.0
4446.0
66.38
16.0
4466.0
66.38
16.0
4486.0
66.38
16.0
4507.0
66.38
15.0
4527.0
66.38
16.0
4547.0
66.38
16.0
4567.0
66.38
15.0
4587.0
66.38
15.0
4607.0
66.38
15.0
4627.0
66.38
15.0
4647.0
66.38
15.0
4667.0
66.38
15.0
4687.0
66.38
15.0
4707.0
66.38
15.0
4727.0
66.38
15.0
4747.0
66.38
16.0
4767.0
66.38
15.0
4787.0
66.38
15.0
4807.0
66.38
15.0
4827.0
66.38
15.0
4847.0
66.38
15.0
4867.0
66.38
15.0
4887.0
66.38
15.0
4907.0
66.38
15.0
4927.0
66.38
15.0
4947.0
66.38
15.0
4967.0
66.38
15.0
4987.0
66.38
15.0
5007.0
66.38
15.0
5027.0
66.38
15.0
5047.0
66.38
16.0
5067.0
66.38
15.0
5087.0
66.38
15.0
5107.0
66.38
16.0
5128.0
66.38
15.0
5148.0
66.38
15.0
5168.0
66.38
15.0
5188.0
66.38
15.0
5208.0
66.38
15.0
5228.0
66.38
15.0
5248.0
66.38
15.0
5268.0
66.38
15.0
5288.0
66.38
15.0
5308.0
66.38
15.0
5328.0
66.38
15.0
5348.0
66.38
15.0
5368.0
66.38
15.0
5388.0
66.38
15.0
5408.0
66.38
15.0
5428.0
66.38
15.0
5448.0
66.38
15.0
5468.0
66.38
15.0
5488.0
66.38
15.0
5508.0
66.38
15.0
5528.0
66.38
15.0
5548.0
66.38
15.0
5568.0
66.38
15.0
5588.0
66.38
15.0
5608.0
66.38
15.0
5628.0
66.38
15.0
5648.0
66.38
15.0
5668.0
66.38
15.0
5688.0
66.38
15.0
5708.0
66.38
15.0
5728.0
66.38
15.0
5748.0
66.38
15.0
5769.0
66.38
15.0
5789.0
66.38
15.0
5809.0
66.38
15.0
5829.0
66.38
15.0
5849.0
66.38
15.0
5869.0
66.38
15.0
5889.0
66.38
15.0
5909.0
66.38
15.0
5929.0
66.38
15.0
5949.0
66.38
15.0
5969.0
66.38
15.0
5989.0
66.38
15.0
6009.0
66.38
15.0
6029.0
66.38
15.0
6049.0
66.38
15.0
6069.0
66.38
15.0
6089.0
66.38
15.0
6109.0
66.38
15.0
6129.0
66.38
15.0
6149.0
66.38
15.0
6169.0
66.38
15.0
6189.0
66.38
15.0
6209.0
66.38
15.0
6229.0
66.38
15.0
6249.0
66.38
15.0
6269.0
66.38
16.0
6289.0
66.38
15.0
6309.0
66.38
15.0
6329.0
66.38
15.0
6349.0
66.38
15.0
6369.0
66.38
15.0
6389.0
66.38
15.0
6410.0
66.38
15.0
6430.0
66.38
15.0
6450.0
66.38
15.0
6470.0
66.38
15.0
6490.0
66.38
15.0
6510.0
66.38
15.0
6530.0
66.38
15.0
6550.0
66.38
15.0
6570.0
66.38
15.0
6590.0
66.38
15.0
6610.0
66.38
15.0
6630.0
66.38
15.0
6650.0
66.38
15.0
6670.0
66.38
15.0
6690.0
66.38
15.0
6710.0
66.38
15.0
6730.0
66.38
15.0
6750.0
66.38
15.0
6770.0
66.38
15.0
6790.0
66.38
15.0
6810.0
66.38
15.0
6830.0
66.38
15.0
6850.0
66.38
15.0
6870.0
66.38
15.0
6890.0
66.38
15.0
6910.0
66.38
15.0
6930.0
66.38
15.0
6950.0
66.38
15.0
6970.0
66.38
15.0
6990.0
66.38
15.0
7010.0
66.38
15.0
7030.0
66.38
15.0
7051.0
66.38
15.0
7071.0
66.38
15.0
7091.0
66.38
15.0
7111.0
66.38
15.0
7131.0
66.38
15.0
7151.0
66.38
15.0
7171.0
66.38
15.0
7191.0
66.38
15.0
7211.0
66.38
15.0
7231.0
66.38
15.0
7251.0
66.38
15.0
7271.0
66.38
15.0
7291.0
66.38
15.0
7311.0
66.38
15.0
7331.0
66.38
15.0
7351.0
66.38
15.0
7371.0
66.38
15.0
7391.0
66.38
15.0
7411.0
66.38
15.0
7431.0
66.38
15.0
7451.0
66.38
15.0
7471.0
66.38
15.0
7491.0
66.38
15.0
7511.0
66.38
15.0
7531.0
66.38
15.0
7551.0
66.38
15.0
7571.0
66.38
15.0
7591.0
66.38
15.0
7611.0
66.38
15.0
7631.0
66.38
15.0
7651.0
66.38
15.0
7671.0
66.38
15.0
7692.0
66.38
15.0
7712.0
66.38
15.0
7732.0
66.38
15.0
7752.0
66.38
16.0
7772.0
66.38
15.0
7792.0
66.38
15.0
7812.0
66.38
15.0
7832.0
66.38
16.0
7852.0
66.38
16.0
7872.0
66.38
16.0
7892.0
66.38
16.0
7912.0
66.38
15.0
7932.0
66.38
15.0
7952.0
66.38
15.0
7972.0
66.38
15.0
7992.0
66.38
15.0
8012.0
66.38
15.0
8032.0
66.38
15.0
8052.0
66.38
15.0
8072.0
66.38
15.0
8092.0
66.38
15.0
8112.0
66.38
15.0
8132.0
66.38
15.0
8152.0
66.38
15.0
8172.0
66.38
15.0
8192.0
66.38
15.0
8212.0
66.38
15.0
8232.0
66.38
15.0
8252.0
66.38
15.0
8272.0
66.38
15.0
8292.0
66.38
15.0
8312.0
66.38
15.0
8333.0
66.38
15.0
8353.0
66.38
15.0
8373.0
66.38
15.0
8393.0
66.38
15.0
8413.0
66.38
15.0
8433.0
66.38
15.0
8453.0
66.38
15.0
8473.0
66.38
15.0
8493.0
66.38
15.0
8513.0
66.38
15.0
8533.0
66.38
15.0
8553.0
66.38
15.0
8573.0
66.38
15.0
8593.0
66.38
15.0
8613.0
66.38
15.0
8633.0
66.38
15.0
8653.0
66.38
15.0
8673.0
66.38
15.0
8693.0
66.38
15.0
8713.0
66.38
15.0
8733.0
66.38
15.0
8753.0
66.38
15.0
8773.0
66.38
15.0
8793.0
66.38
15.0
8813.0
66.38
15.0
8833.0
66.38
15.0
8853.0
66.38
15.0
8873.0
66.38
15.0
8893.0
66.38
15.0
8913.0
66.38
15.0
8933.0
66.38
15.0
8953.0
66.38
15.0
8974.0
66.38
15.0
8994.0
66.38
15.0
9014.0
66.38
15.0
9034.0
66.38
15.0
9054.0
66.38
15.0
9074.0
66.38
15.0
9094.0
66.56
15.0
9114.0
66.38
15.0
9134.0
66.38
15.0
9154.0
66.56
15.0
9174.0
66.56
14.0
9194.0
66.56
14.0
9214.0
66.56
15.0
9234.0
66.56
14.0
9254.0
66.56
14.0
9274.0
66.56
14.0
9294.0
66.56
14.0
9314.0
66.56
14.0
9334.0
66.56
14.0
9354.0
66.56
14.0
9374.0
66.56
14.0
9394.0
66.56
14.0
9414.0
66.56
14.0
9434.0
66.56
14.0
9454.0
66.56
14.0
9474.0
66.56
14.0
9494.0
66.56
14.0
9514.0
66.56
14.0
9534.0
66.56
14.0
9554.0
66.56
14.0
9574.0
66.56
14.0
9594.0
66.56
14.0
9615.0
66.56
14.0
9635.0
66.56
14.0
9655.0
66.74
14.0
9675.0
66.74
14.0
9695.0
66.56
14.0
9715.0
66.56
14.0
9735.0
66.56
14.0
9755.0
66.56
14.0
9775.0
66.74
14.0
9795.0
66.56
14.0
9815.0
66.56
14.0
9835.0
66.56
14.0
9855.0
66.56
15.0
9875.0
66.74
15.0
9895.0
66.74
14.0
9915.0
66.74
14.0
9935.0
66.74
14.0
9955.0
66.74
14.0
9975.0
66.74
13.0
9995.0
66.74
14.0
10015.0
66.74
14.0
10035.0
66.74
14.0
10055.0
66.56
14.0
10075.0
66.74
14.0
10095.0
66.56
14.0
10115.0
66.74
14.0
10135.0
66.56
14.0
10155.0
66.74
14.0
10175.0
66.74
14.0
10195.0
66.74
14.0
10215.0
66.74
14.0
10236.0
66.74
14.0
10256.0
66.74
14.0
10276.0
66.74
14.0
10296.0
66.74
14.0
10316.0
66.74
14.0
10336.0
66.74
14.0
10356.0
66.74
14.0
10376.0
66.74
14.0
10396.0
66.74
14.0
10416.0
66.74
13.0
10436.0
66.74
14.0
10456.0
66.74
14.0
10476.0
66.74
14.0
10496.0
66.74
14.0
10516.0
66.74
14.0
10536.0
66.74
14.0
10556.0
66.74
14.0
10576.0
66.74
15.0
10596.0
66.74
14.0
10616.0
66.74
14.0
10636.0
66.74
15.0
10656.0
66.74
14.0
10676.0
66.74
15.0
10696.0
66.74
15.0
10716.0
66.74
15.0
10736.0
66.74
15.0
10756.0
66.74
14.0
10776.0
66.74
15.0
10796.0
66.74
14.0
10816.0
66.74
15.0
10836.0
66.74
15.0
10856.0
66.74
15.0
10877.0
66.74
15.0
10897.0
66.74
15.0
10917.0
66.74
14.0
10937.0
66.74
14.0
10957.0
66.74
15.0
10977.0
66.74
14.0
10997.0
66.74
15.0
11017.0
66.74
15.0
11037.0
66.74
15.0
11057.0
66.92
16.0
11077.0
66.92
16.0
11097.0
66.92
16.0
11117.0
66.92
16.0
11137.0
66.92
16.0
11157.0
66.92
16.0
11177.0
66.92
16.0
11197.0
66.92
16.0
11217.0
66.92
16.0
11237.0
66.92
16.0
11257.0
66.92
16.0
11277.0
66.92
16.0
11297.0
66.92
16.0
11317.0
66.92
16.0
11337.0
66.92
16.0
11357.0
66.92
16.0
11377.0
66.92
16.0
11397.0
66.92
16.0
11417.0
66.92
16.0
11437.0
66.92
16.0
11457.0
66.92
16.0
11477.0
66.92
16.0
11497.0
66.92
15.0
11518.0
66.92
15.0
11538.0
66.92
15.0
11558.0
66.92
15.0
11578.0
66.92
15.0
11598.0
66.92
15.0
11618.0
66.92
15.0
11638.0
66.92
15.0
11658.0
66.92
15.0
11678.0
66.92
15.0
11698.0
66.92
15.0
11718.0
66.92
15.0
11738.0
66.92
15.0
11758.0
66.92
15.0
11778.0
66.92
15.0
11798.0
66.92
16.0
11818.0
66.92
16.0
11838.0
66.92
15.0
11858.0
66.92
15.0
11878.0
66.92
14.0
11898.0
66.92
15.0
11918.0
66.92
14.0
11938.0
66.92
14.0
11958.0
66.92
14.0
11978.0
66.92
14.0
11998.0
66.92
14.0
12018.0
66.92
14.0
12038.0
66.92
14.0
12058.0
66.92
14.0
12078.0
66.92
14.0
12098.0
66.92
14.0
12118.0
66.92
14.0
12138.0
66.92
14.0
12159.0
66.92
14.0
12179.0
66.92
14.0
12199.0
66.92
14.0
12219.0
66.92
14.0
12239.0
66.92
14.0
12259.0
66.92
14.0
12279.0
66.92
14.0
12299.0
66.92
14.0
12319.0
66.92
14.0
12339.0
66.92
14.0
12359.0
66.92
14.0
12379.0
66.92
14.0
12399.0
66.92
14.0
12419.0
66.92
14.0
12439.0
66.92
14.0
12459.0
66.92
14.0
12479.0
66.92
14.0
12499.0
66.92
14.0
12519.0
66.92
14.0
12539.0
66.92
14.0
12559.0
66.92
14.0
12579.0
66.92
14.0
12599.0
66.92
14.0
12619.0
66.92
14.0
12639.0
66.92
14.0
12659.0
66.92
13.0
12679.0
66.92
14.0
12699.0
66.92
14.0
12719.0
66.92
14.0
12739.0
66.92
14.0
12759.0
66.92
14.0
12779.0
66.92
14.0
12800.0
66.92
14.0
12820.0
66.92
14.0
12840.0
66.92
14.0
12860.0
66.92
14.0
12880.0
66.92
14.0
12900.0
66.92
14.0
12920.0
66.92
14.0
12940.0
66.92
14.0
12960.0
66.92
14.0
12980.0
66.92
14.0
13000.0
66.92
14.0
13020.0
66.92
14.0
13040.0
66.92
14.0
13060.0
66.92
14.0
13080.0
66.92
14.0
13100.0
66.92
14.0
13120.0
66.92
14.0
13140.0
66.92
14.0
13160.0
66.92
14.0
13180.0
66.92
14.0
13200.0
66.92
14.0
13220.0
66.92
14.0
13240.0
66.92
14.0
13260.0
66.92
14.0
13280.0
66.92
14.0
13300.0
66.92
14.0
13320.0
66.92
14.0
13340.0
66.92
14.0
13360.0
66.92
14.0
13380.0
66.92
14.0
13400.0
66.92
13.0
13420.0
66.92
14.0
13441.0
66.92
14.0
13461.0
66.92
14.0
13481.0
66.92
14.0
13501.0
66.92
14.0
13521.0
66.92
14.0
13541.0
66.92
14.0
13561.0
66.92
14.0
13581.0
66.92
14.0
13601.0
66.92
14.0
13621.0
66.92
14.0
13641.0
66.92
14.0
13661.0
66.92
14.0
13681.0
66.92
13.0
13701.0
66.92
13.0
13721.0
66.92
13.0
13741.0
66.92
13.0
13761.0
66.92
13.0
13781.0
66.92
13.0
13801.0
66.92
13.0
13821.0
66.92
14.0
13841.0
66.92
13.0
13861.0
66.74
13.0
13881.0
66.92
13.0
13901.0
66.92
13.0
13921.0
66.74
13.0
13941.0
66.92
13.0
13961.0
66.92
13.0
13981.0
66.92
13.0
14001.0
66.92
13.0
14021.0
66.92
13.0
14041.0
66.92
14.0
14061.0
66.92
13.0
14082.0
66.92
13.0
14102.0
66.92
13.0
14122.0
66.92
13.0
14142.0
66.92
13.0
14162.0
66.92
13.0
14182.0
66.92
13.0
14202.0
66.92
13.0
14222.0
66.92
13.0
14242.0
66.92
13.0
14262.0
66.92
13.0
14282.0
66.92
13.0
14302.0
66.92
14.0
14322.0
66.92
14.0
14342.0
66.92
13.0
14362.0
66.92
14.0
14382.0
66.92
14.0
14402.0
67.1
14.0
14422.0
67.1
14.0
14442.0
67.1
14.0
14462.0
67.1
14.0
14482.0
67.1
14.0
14502.0
67.1
14.0
14522.0
67.1
14.0
14542.0
67.1
14.0
14562.0
67.1
14.0
14582.0
67.1
14.0
14602.0
67.1
14.0
14622.0
67.1
14.0
14642.0
67.1
14.0
14662.0
67.1
14.0
14682.0
67.1
14.0
14702.0
67.1
14.0
14723.0
67.1
13.0
14743.0
67.28
13.0
14763.0
67.28
13.0
14783.0
67.28
14.0
14803.0
67.28
13.0
14823.0
67.28
14.0
14843.0
67.28
13.0
14863.0
67.46
13.0
14883.0
67.28
13.0
14903.0
67.46
13.0
14923.0
67.46
13.0
14943.0
67.46
13.0
14963.0
67.46
13.0
14983.0
67.46
13.0
15003.0
67.46
13.0
15023.0
67.46
13.0
15043.0
67.46
13.0
15063.0
67.46
13.0
15083.0
67.46
13.0
15103.0
67.46
13.0
15123.0
67.46
13.0
15143.0
67.64
12.0
15163.0
67.46
13.0
15183.0
67.64
13.0
15203.0
67.64
13.0
15223.0
67.64
13.0
15243.0
67.64
12.0
15263.0
67.64
13.0
15283.0
67.64
13.0
15303.0
67.64
13.0
15323.0
67.64
13.0
15344.0
67.64
12.0
15364.0
67.64
12.0
15384.0
67.64
13.0
15404.0
67.64
12.0
15424.0
67.64
12.0
15444.0
67.64
12.0
15464.0
67.64
12.0
15484.0
67.64
12.0
15504.0
67.82
13.0
15524.0
67.82
12.0
15544.0
67.82
12.0
15564.0
67.82
12.0
15584.0
67.82
12.0
15604.0
67.82
12.0
15624.0
67.82
12.0
15644.0
67.82
12.0
15664.0
67.82
12.0
15684.0
67.82
12.0
15704.0
67.82
12.0
15724.0
67.82
12.0
15744.0
67.82
12.0
15764.0
68.0
12.0
15784.0
67.82
12.0
15804.0
68.0
12.0
15824.0
67.82
12.0
15844.0
67.82
13.0
15864.0
67.82
12.0
15884.0
67.82
12.0
15904.0
67.82
12.0
15924.0
68.0
12.0
15944.0
67.82
12.0
15964.0
67.82
12.0
15985.0
67.82
12.0
16005.0
68.0
12.0
16025.0
67.82
12.0
16045.0
68.0
12.0
16065.0
68.0
12.0
16085.0
68.0
12.0
16105.0
68.0
12.0
16125.0
68.0
12.0
16145.0
68.0
12.0
16165.0
68.0
12.0
16185.0
68.0
12.0
16205.0
68.0
12.0
16225.0
68.0
12.0
16245.0
68.0
12.0
16265.0
68.0
12.0
16285.0
68.0
12.0
16305.0
68.0
12.0
16325.0
68.0
12.0
16345.0
68.0
12.0
16365.0
68.0
12.0
16385.0
68.0
12.0
16405.0
68.0
12.0
16425.0
68.0
12.0
16445.0
68.0
12.0
16465.0
68.0
12.0
16485.0
68.0
12.0
16505.0
68.0
12.0
16525.0
68.0
12.0
16545.0
68.0
12.0
16565.0
68.0
12.0
16585.0
68.18
12.0
16605.0
68.0
12.0
16626.0
68.0
12.0
16646.0
68.0
12.0
16666.0
68.0
12.0
16686.0
68.0
12.0
16706.0
68.0
12.0
16726.0
68.0
12.0
16746.0
68.0
12.0
16766.0
68.0
12.0
16786.0
68.0
12.0
16806.0
68.0
12.0
16826.0
68.0
12.0
16846.0
68.0
12.0
16866.0
68.0
12.0
16886.0
68.0
12.0
16906.0
68.18
12.0
16926.0
68.18
12.0
16946.0
68.0
12.0
16966.0
68.0
12.0
16986.0
68.0
12.0
17006.0
68.0
12.0
17026.0
68.0
12.0
17046.0
68.0
12.0
17066.0
68.0
12.0
17086.0
68.0
12.0
17106.0
68.0
12.0
17126.0
68.0
12.0
17146.0
68.0
12.0
17166.0
68.0
12.0
17186.0
67.82
12.0
17206.0
67.82
12.0
17226.0
67.82
12.0
17246.0
67.82
12.0
17267.0
67.82
12.0
17287.0
67.82
12.0
17307.0
67.82
12.0
17327.0
67.82
12.0
17347.0
67.82
12.0
17367.0
67.82
12.0
17387.0
67.64
12.0
17407.0
67.64
12.0
17427.0
67.64
12.0
17447.0
67.64
12.0
17467.0
67.64
11.0
17487.0
67.64
11.0
17507.0
67.64
11.0
17527.0
67.64
12.0
17547.0
67.64
11.0
17567.0
67.64
12.0
17587.0
67.64
12.0
17607.0
67.64
11.0
17627.0
67.64
11.0
17647.0
67.64
11.0
17667.0
67.64
11.0
17687.0
67.64
11.0
17707.0
67.64
11.0
17727.0
67.64
11.0
17747.0
67.64
11.0
17767.0
67.64
11.0
17787.0
67.64
11.0
17807.0
67.64
11.0
17827.0
67.64
11.0
17847.0
67.64
11.0
17867.0
67.64
12.0
17887.0
67.64
11.0
17908.0
67.82
11.0
17928.0
67.82
11.0
17948.0
67.82
11.0
17968.0
67.64
11.0
17988.0
67.82
11.0
18008.0
67.82
11.0
18028.0
68.0
11.0
18048.0
67.82
11.0
18068.0
67.82
11.0
18088.0
67.82
11.0
18108.0
67.82
11.0
18128.0
67.82
11.0
18148.0
68.0
11.0
18168.0
68.0
11.0
18188.0
68.0
11.0
18208.0
68.0
11.0
18228.0
68.0
11.0
18248.0
68.0
11.0
18268.0
68.0
11.0
18288.0
68.0
11.0
18308.0
68.0
11.0
18328.0
68.0
11.0
18348.0
68.0
11.0
18368.0
68.0
11.0
18388.0
68.0
11.0
18408.0
67.82
11.0
18428.0
68.0
11.0
18448.0
67.82
11.0
18468.0
67.82
11.0
18488.0
67.82
11.0
18508.0
67.82
11.0
18528.0
67.82
11.0
18549.0
67.82
11.0
18569.0
67.82
11.0
18589.0
67.82
11.0
18609.0
67.82
11.0
18629.0
67.82
11.0
18649.0
67.82
11.0
18669.0
67.82
11.0
18689.0
68.0
11.0
18709.0
68.0
11.0
18729.0
68.0
11.0
18749.0
68.0
11.0
18769.0
68.0
11.0
18789.0
68.0
11.0
18809.0
68.0
11.0
18829.0
68.0
11.0
18849.0
68.0
11.0
18869.0
68.0
11.0
18889.0
68.0
11.0
18909.0
67.82
11.0
18929.0
67.82
11.0
18949.0
67.82
11.0
18969.0
67.82
11.0
18989.0
67.82
11.0
19009.0
67.64
11.0
19029.0
67.64
11.0
19049.0
67.82
11.0
19069.0
67.82
11.0
19089.0
67.82
11.0
19109.0
67.82
11.0
19129.0
67.82
11.0
19149.0
67.82
11.0
19170.0
67.82
11.0
19190.0
67.64
11.0
19210.0
67.82
11.0
19230.0
67.82
11.0
19250.0
67.82
11.0
19270.0
67.82
11.0
19290.0
67.82
11.0
19310.0
67.82
11.0
19330.0
67.64
11.0
19350.0
67.82
11.0
19370.0
67.82
11.0
19390.0
67.82
11.0
19410.0
67.82
11.0
19430.0
67.82
10.0
19450.0
67.82
10.0
19470.0
67.64
11.0
19490.0
67.64
10.0
19510.0
67.64
10.0
19530.0
67.82
11.0
19550.0
67.82
11.0
19570.0
67.82
11.0
19590.0
67.82
11.0
19610.0
67.82
11.0
19630.0
67.82
11.0
19650.0
67.82
10.0
19670.0
67.82
10.0
19690.0
67.82
10.0
19710.0
67.82
10.0
19730.0
67.64
10.0
19750.0
67.64
10.0
19770.0
67.64
10.0
19790.0
67.64
10.0
19811.0
67.46
11.0
19831.0
67.64
11.0
19851.0
67.64
11.0
19871.0
67.64
10.0
19891.0
67.64
10.0
19911.0
67.64
11.0
19931.0
67.64
10.0
19951.0
67.82
11.0
19971.0
67.82
10.0
19991.0
67.82
11.0
20011.0
67.64
10.0
20031.0
67.64
11.0
20051.0
67.82
11.0
20071.0
67.82
10.0
20091.0
67.82
10.0
20111.0
67.82
11.0
20131.0
67.82
11.0
20151.0
67.82
11.0
20171.0
67.82
11.0
20191.0
67.82
10.0
20211.0
67.82
11.0
20231.0
67.82
11.0
20251.0
67.82
11.0
20271.0
67.82
11.0
20291.0
67.64
10.0
20311.0
67.64
10.0
20331.0
67.64
10.0
20351.0
67.64
10.0
20371.0
67.64
10.0
20391.0
67.64
10.0
20411.0
67.46
10.0
20431.0
67.46
11.0
20452.0
67.64
11.0
20472.0
67.64
11.0
20492.0
67.64
10.0
20512.0
67.64
10.0
20532.0
67.64
11.0
20552.0
67.64
11.0
20572.0
67.64
11.0
20592.0
67.64
11.0
20612.0
67.64
11.0
20632.0
67.64
11.0
20652.0
67.64
11.0
20672.0
67.82
11.0
20692.0
67.82
11.0
20712.0
67.82
11.0
20732.0
67.82
11.0
20752.0
67.82
11.0
20772.0
67.64
11.0
20792.0
67.64
11.0
20812.0
67.64
11.0
20832.0
67.64
11.0
20852.0
67.64
11.0
20872.0
67.64
11.0
20892.0
67.64
11.0
20912.0
67.82
11.0
20932.0
67.82
11.0
20952.0
67.64
11.0
20972.0
67.64
11.0
20992.0
67.64
11.0
21012.0
67.64
11.0
21032.0
67.64
11.0
21052.0
67.64
11.0
21072.0
67.64
11.0
21093.0
67.64
11.0
21113.0
67.64
11.0
21133.0
67.64
11.0
21153.0
67.64
11.0
21173.0
67.82
11.0
21193.0
67.82
11.0
21213.0
67.64
10.0
21233.0
67.64
10.0
21253.0
67.64
11.0
21273.0
67.64
11.0
21293.0
67.64
11.0
21313.0
67.64
11.0
21333.0
67.46
11.0
21353.0
67.64
12.0
21373.0
67.64
11.0
21393.0
67.64
11.0
21413.0
67.64
11.0
21433.0
67.64
11.0
21453.0
67.64
11.0
21473.0
67.64
11.0
21493.0
67.64
11.0
21513.0
67.46
11.0
21533.0
67.46
10.0
21553.0
67.46
11.0
21573.0
67.46
11.0
21593.0
67.46
11.0
21613.0
67.46
11.0
21633.0
67.46
11.0
21653.0
67.46
11.0
21673.0
67.46
11.0
21693.0
67.64
11.0
21713.0
67.46
11.0
21734.0
67.64
11.0
21754.0
67.46
11.0
21774.0
67.46
11.0
21794.0
67.64
11.0
21814.0
67.64
11.0
21834.0
67.64
11.0
21854.0
67.64
11.0
21874.0
67.64
11.0
21894.0
67.64
11.0
21914.0
67.64
11.0
21934.0
67.64
11.0
21954.0
67.64
11.0
21974.0
67.82
12.0
21994.0
67.64
11.0
22014.0
67.64
11.0
22034.0
67.64
11.0
22054.0
67.64
12.0
22074.0
67.64
12.0
22094.0
67.64
11.0
22114.0
67.64
12.0
22134.0
67.64
12.0
22154.0
67.64
11.0
22174.0
67.64
11.0
22194.0
67.64
12.0
22214.0
67.64
12.0
22234.0
67.46
11.0
22254.0
67.46
11.0
22274.0
67.46
11.0
22294.0
67.46
11.0
22314.0
67.46
11.0
22334.0
67.46
11.0
22355.0
67.28
11.0
22375.0
67.28
11.0
22395.0
67.28
12.0
22415.0
67.28
11.0
22435.0
67.46
11.0
22455.0
67.46
11.0
22475.0
67.28
11.0
22495.0
67.28
12.0
22515.0
67.46
12.0
22535.0
67.46
12.0
22555.0
67.46
12.0
22575.0
67.46
11.0
22595.0
67.46
11.0
22615.0
67.46
12.0
22635.0
67.46
12.0
22655.0
67.46
12.0
22675.0
67.46
11.0
22695.0
67.46
11.0
22715.0
67.46
11.0
22735.0
67.46
11.0
22755.0
67.46
11.0
22775.0
67.46
11.0
22795.0
67.46
11.0
22815.0
67.46
11.0
22835.0
67.46
11.0
22855.0
67.28
11.0
22875.0
67.28
11.0
22895.0
67.28
11.0
22915.0
67.28
11.0
22935.0
67.28
11.0
22955.0
67.28
11.0
22975.0
67.28
11.0
22996.0
67.28
12.0
23016.0
67.46
12.0
23036.0
67.46
12.0
23056.0
67.46
12.0
23076.0
67.46
12.0
23096.0
67.46
12.0
23116.0
67.46
12.0
23136.0
67.46
12.0
23156.0
67.46
12.0
23176.0
67.46
12.0
23196.0
67.46
12.0
23216.0
67.46
12.0
23236.0
67.46
12.0
23256.0
67.46
12.0
23276.0
67.46
12.0
23296.0
67.46
12.0
23316.0
67.46
12.0
23336.0
67.46
12.0
23356.0
67.46
12.0
23376.0
67.46
11.0
23396.0
67.46
11.0
23416.0
67.46
11.0
23436.0
67.46
11.0
23456.0
67.28
11.0
23476.0
67.28
11.0
23496.0
67.28
11.0
23516.0
67.28
12.0
23536.0
67.28
12.0
23556.0
67.46
12.0
23576.0
67.46
12.0
23596.0
67.46
12.0
23616.0
67.46
12.0
23637.0
67.46
12.0
23657.0
67.46
11.0
23677.0
67.46
11.0
23697.0
67.46
11.0
23717.0
67.46
11.0
23737.0
67.46
11.0
23757.0
67.46
11.0
23777.0
67.28
11.0
23797.0
67.28
11.0
23817.0
67.28
11.0
23837.0
67.28
12.0
23857.0
67.28
12.0
23877.0
67.46
12.0
23897.0
67.46
12.0
23917.0
67.46
12.0
23937.0
67.46
12.0
23957.0
67.46
11.0
23977.0
67.46
11.0
23997.0
67.46
11.0
24017.0
67.28
11.0
24037.0
67.46
11.0
24057.0
67.28
11.0
24077.0
67.28
11.0
24097.0
67.46
11.0
24117.0
67.46
11.0
24137.0
67.46
11.0
24157.0
67.46
11.0
24177.0
67.46
11.0
24197.0
67.28
11.0
24217.0
67.28
11.0
24237.0
67.28
11.0
24257.0
67.28
11.0
24278.0
67.28
11.0
24298.0
67.28
11.0
24318.0
67.28
11.0
24338.0
67.28
11.0
24358.0
67.28
11.0
24378.0
67.28
11.0
24398.0
67.28
11.0
24418.0
67.28
11.0
24438.0
67.28
11.0
24458.0
67.28
11.0
24478.0
67.28
12.0
24498.0
67.28
11.0
24518.0
67.28
11.0
24538.0
67.28
11.0
24558.0
67.28
11.0
24578.0
67.28
11.0
24598.0
67.1
11.0
24618.0
67.1
11.0
24638.0
67.1
11.0
24658.0
67.1
11.0
24678.0
67.28
11.0
24698.0
67.28
11.0
24718.0
67.1
11.0
24738.0
67.1
11.0
24758.0
67.1
11.0
24778.0
67.1
11.0
24798.0
67.1
11.0
24818.0
67.1
11.0
24838.0
67.1
11.0
24858.0
67.1
11.0
24878.0
67.1
11.0
24898.0
67.1
12.0
24919.0
67.1
11.0
24939.0
67.1
12.0
24959.0
67.1
11.0
24979.0
67.28
12.0
24999.0
67.28
12.0
25019.0
67.28
12.0
25039.0
67.28
12.0
25059.0
67.28
12.0
25079.0
67.28
12.0
25099.0
67.28
12.0
25119.0
67.28
12.0
25139.0
67.28
12.0
25159.0
67.28
12.0
25179.0
67.28
12.0
25199.0
67.28
12.0
25219.0
67.28
11.0
25239.0
67.28
11.0
25259.0
67.28
11.0
25279.0
67.1
11.0
25299.0
67.1
11.0
25319.0
67.1
11.0
25339.0
67.1
11.0
25359.0
67.1
11.0
25379.0
67.1
11.0
25399.0
67.1
11.0
25419.0
67.1
11.0
25439.0
67.1
11.0
25459.0
67.1
11.0
25479.0
67.1
11.0
25499.0
67.1
11.0
25519.0
67.1
11.0
25539.0
67.1
11.0
25560.0
67.1
11.0
25580.0
67.1
11.0
25600.0
67.1
11.0
25620.0
67.1
11.0
25640.0
67.1
11.0
25660.0
67.1
11.0
25680.0
67.1
11.0
25700.0
67.1
11.0
25720.0
67.1
11.0
25740.0
67.1
11.0
25760.0
67.1
11.0
25780.0
67.1
11.0
25800.0
67.1
11.0
25820.0
67.1
11.0
25840.0
67.1
11.0
25860.0
67.1
11.0
25880.0
67.1
11.0
25900.0
67.1
11.0
25920.0
67.28
11.0
25940.0
67.28
11.0
25960.0
67.28
11.0
25980.0
67.1
11.0
26000.0
67.28
11.0
26020.0
67.1
10.0
26040.0
67.1
10.0
26060.0
67.28
10.0
26080.0
67.28
10.0
26100.0
67.28
10.0
26120.0
67.28
10.0
26140.0
67.28
10.0
26160.0
67.28
10.0
26180.0
67.28
10.0
26201.0
67.28
9.0
26221.0
67.28
10.0
26241.0
67.28
10.0
26261.0
67.1
10.0
26281.0
67.1
9.0
26301.0
67.1
9.0
26321.0
67.1
9.0
26341.0
67.1
9.0
26361.0
67.1
9.0
26381.0
67.1
9.0
26401.0
67.1
9.0
26421.0
67.1
9.0
26441.0
67.1
9.0
26461.0
67.1
9.0
26481.0
67.1
9.0
26501.0
67.1
9.0
26521.0
67.1
9.0
26541.0
67.1
9.0
26561.0
67.1
9.0
26581.0
67.1
8.0
26601.0
67.1
8.0
26621.0
67.1
8.0
26641.0
67.1
8.0
26661.0
67.1
8.0
26681.0
67.1
8.0
26701.0
67.1
8.0
26721.0
67.28
8.0
26741.0
67.28
8.0
26761.0
67.28
8.0
26781.0
67.28
8.0
26801.0
67.28
8.0
26821.0
67.28
8.0
26842.0
67.28
8.0
26862.0
67.28
8.0
26882.0
67.28
8.0
26902.0
67.46
9.0
26922.0
67.46
9.0
26942.0
67.46
9.0
26962.0
67.46
9.0
26982.0
67.46
9.0
27002.0
67.46
9.0
27022.0
67.46
9.0
27042.0
67.64
9.0
27062.0
67.64
9.0
27082.0
67.64
9.0
27102.0
67.64
9.0
27122.0
67.64
9.0
27142.0
67.64
9.0
27162.0
67.64
9.0
27182.0
67.82
9.0
27202.0
67.82
9.0
27222.0
67.82
9.0
27242.0
67.82
9.0
27262.0
67.82
9.0
27282.0
67.82
9.0
27302.0
67.82
9.0
27322.0
68.0
9.0
27342.0
68.0
9.0
27362.0
68.0
9.0
27382.0
68.0
9.0
27402.0
68.0
9.0
27422.0
68.0
9.0
27442.0
68.0
9.0
27462.0
68.0
9.0
27483.0
68.0
9.0
27503.0
68.0
9.0
27523.0
68.0
9.0
27543.0
68.0
9.0
27563.0
68.18
9.0
27583.0
68.18
9.0
27603.0
68.18
9.0
27623.0
68.18
9.0
27643.0
68.18
9.0
27663.0
68.36
9.0
27683.0
68.36
9.0
27703.0
68.36
9.0
27723.0
68.36
9.0
27743.0
68.36
9.0
27763.0
68.54
9.0
27783.0
68.54
9.0
27803.0
68.54
9.0
27823.0
68.54
9.0
27843.0
68.54
9.0
27863.0
68.54
9.0
27883.0
68.54
9.0
27903.0
68.54
9.0
27923.0
68.54
9.0
27943.0
68.54
9.0
27963.0
68.72
9.0
27983.0
68.54
9.0
28003.0
68.72
9.0
28023.0
68.72
9.0
28043.0
68.72
9.0
28063.0
68.72
9.0
28083.0
68.72
9.0
28103.0
68.72
9.0
28124.0
68.72
9.0
28144.0
68.72
9.0
28164.0
68.72
9.0
28184.0
68.72
9.0
28204.0
68.54
9.0
28224.0
68.72
9.0
28244.0
68.72
9.0
28264.0
68.54
9.0
28284.0
68.72
9.0
28304.0
68.72
9.0
28324.0
68.72
9.0
28344.0
68.72
10.0
28364.0
68.72
9.0
28384.0
68.72
9.0
28404.0
68.72
9.0
28424.0
68.72
9.0
28444.0
68.54
9.0
28464.0
68.72
9.0
28484.0
68.54
9.0
28504.0
68.54
9.0
28524.0
68.54
9.0
28544.0
68.54
9.0
28564.0
68.54
9.0
28584.0
68.54
9.0
28604.0
68.54
9.0
28624.0
68.54
9.0
28644.0
68.36
9.0
28664.0
68.36
9.0
28684.0
68.54
9.0
28704.0
68.54
9.0
28724.0
68.54
9.0
28744.0
68.54
9.0
28765.0
68.54
9.0
28785.0
68.54
10.0
28805.0
68.54
10.0
28825.0
68.54
10.0
28845.0
68.54
9.0
28865.0
68.54
9.0
28885.0
68.54
9.0
28905.0
68.54
9.0
28925.0
68.54
9.0
28945.0
68.54
10.0
28965.0
68.72
10.0
28985.0
68.72
10.0
29005.0
68.72
10.0
29025.0
68.72
10.0
29045.0
68.72
10.0
29065.0
68.72
10.0
29085.0
68.72
9.0
29105.0
68.54
10.0
29125.0
68.54
9.0
29145.0
68.54
9.0
29165.0
68.54
10.0
29185.0
68.54
10.0
29205.0
68.54
10.0
29225.0
68.54
10.0
29245.0
68.54
10.0
29265.0
68.54
10.0
29285.0
68.54
10.0
29305.0
68.54
10.0
29325.0
68.54
10.0
29345.0
68.54
10.0
29365.0
68.54
10.0
29385.0
68.54
10.0
29406.0
68.54
10.0
29426.0
68.54
10.0
29446.0
68.54
10.0
29466.0
68.54
10.0
29486.0
68.54
10.0
29506.0
68.54
10.0
29526.0
68.54
10.0
29546.0
68.54
10.0
29566.0
68.54
10.0
29586.0
68.72
10.0
29606.0
68.72
10.0
29626.0
68.72
11.0
29646.0
68.54
10.0
29666.0
68.72
11.0
29686.0
68.72
11.0
29706.0
68.72
10.0
29726.0
68.72
11.0
29746.0
68.72
11.0
29766.0
68.72
11.0
29786.0
68.72
11.0
29806.0
68.72
11.0
29826.0
68.72
11.0
29846.0
68.72
11.0
29866.0
68.72
11.0
29886.0
68.54
11.0
29906.0
68.72
11.0
29926.0
68.72
11.0
29946.0
68.54
11.0
29966.0
68.54
11.0
29986.0
68.54
11.0
30006.0
68.54
11.0
30026.0
68.54
11.0
30047.0
68.54
11.0
30067.0
68.54
11.0
30087.0
68.54
11.0
30107.0
68.54
11.0
30127.0
68.54
11.0
30147.0
68.54
11.0
30167.0
68.54
11.0
30187.0
68.54
11.0
30207.0
68.54
11.0
30227.0
68.54
11.0
30247.0
68.54
11.0
30267.0
68.54
11.0
30287.0
68.54
11.0
30307.0
68.54
11.0
30327.0
68.54
11.0
30347.0
68.36
11.0
30367.0
68.54
11.0
30387.0
68.54
11.0
30407.0
68.54
11.0
30427.0
68.54
11.0
30447.0
68.54
11.0
30467.0
68.54
11.0
30487.0
68.54
11.0
30507.0
68.54
11.0
30527.0
68.54
11.0
30547.0
68.54
11.0
30567.0
68.54
11.0
30587.0
68.54
11.0
30607.0
68.54
11.0
30627.0
68.54
11.0
30647.0
68.36
11.0
30667.0
68.36
11.0
30688.0
68.54
11.0
30708.0
68.36
11.0
30728.0
68.36
12.0
30748.0
68.54
12.0
30768.0
68.36
11.0
30788.0
68.54
12.0
30808.0
68.36
11.0
30828.0
68.54
12.0
30848.0
68.54
12.0
30868.0
68.54
12.0
30888.0
68.54
12.0
30908.0
68.36
12.0
30928.0
68.54
12.0
30948.0
68.36
12.0
30968.0
68.54
12.0
30988.0
68.54
12.0
31008.0
68.36
11.0
31028.0
68.54
12.0
31048.0
68.54
12.0
31068.0
68.54
12.0
31088.0
68.54
12.0
31108.0
68.54
12.0
31128.0
68.54
12.0
31148.0
68.36
12.0
31168.0
68.36
12.0
31188.0
68.36
12.0
31208.0
68.36
12.0
31228.0
68.36
12.0
31248.0
68.18
12.0
31268.0
68.18
11.0
31288.0
68.18
12.0
31308.0
68.18
12.0
31329.0
68.18
12.0
31349.0
68.18
11.0
31369.0
68.18
11.0
31389.0
68.18
12.0
31409.0
68.18
12.0
31429.0
68.18
12.0
31449.0
68.36
12.0
31469.0
68.18
12.0
31489.0
68.36
12.0
31509.0
68.36
12.0
31529.0
68.36
12.0
31549.0
68.18
11.0
31569.0
68.36
12.0
31589.0
68.36
12.0
31609.0
68.18
12.0
31629.0
68.18
12.0
31649.0
68.18
12.0
31669.0
68.36
12.0
31689.0
68.18
12.0
31709.0
68.18
12.0
31729.0
68.36
12.0
31749.0
68.36
12.0
31769.0
68.18
12.0
31789.0
68.18
12.0
31809.0
68.18
12.0
31829.0
68.18
12.0
31849.0
68.18
12.0
31869.0
68.36
12.0
31889.0
68.36
11.0
31909.0
68.36
11.0
31929.0
68.18
11.0
31950.0
68.18
11.0
31970.0
68.18
11.0
31990.0
68.18
11.0
32010.0
68.18
12.0
32030.0
68.18
12.0
32050.0
68.18
11.0
32070.0
68.18
11.0
32090.0
68.18
11.0
32110.0
68.18
12.0
32130.0
68.18
12.0
32150.0
68.18
11.0
32170.0
68.18
11.0
32190.0
68.18
11.0
32210.0
68.18
12.0
32230.0
68.18
12.0
32250.0
68.18
12.0
32270.0
68.18
12.0
32290.0
68.18
12.0
32310.0
68.18
12.0
32330.0
68.18
12.0
32350.0
68.18
12.0
32370.0
68.18
12.0
32390.0
68.18
12.0
32410.0
68.18
12.0
32430.0
68.18
12.0
32450.0
68.18
12.0
32470.0
68.18
12.0
32490.0
68.18
12.0
32510.0
68.18
12.0
32530.0
68.18
12.0
32550.0
68.18
12.0
32570.0
68.18
12.0
32591.0
68.18
12.0
32611.0
68.18
12.0
32631.0
68.18
12.0
32651.0
68.0
12.0
32671.0
68.0
12.0
32691.0
68.0
12.0
32711.0
68.0
12.0
32731.0
68.0
12.0
32751.0
68.0
12.0
32771.0
68.0
12.0
32791.0
68.0
12.0
32811.0
68.0
12.0
32831.0
68.0
12.0
32851.0
68.0
12.0
32871.0
68.0
12.0
32891.0
68.0
12.0
32911.0
68.0
12.0
32931.0
68.0
12.0
32951.0
68.18
12.0
32971.0
68.0
12.0
32991.0
68.0
12.0
33011.0
68.0
12.0
33031.0
68.0
12.0
33051.0
68.0
12.0
33071.0
68.18
12.0
33091.0
68.18
12.0
33111.0
68.18
12.0
33131.0
68.18
12.0
33151.0
68.18
12.0
33171.0
68.18
12.0
33191.0
68.18
12.0
33211.0
68.18
12.0
33232.0
68.18
12.0
33252.0
68.18
12.0
33272.0
68.18
12.0
33292.0
68.18
12.0
33312.0
68.18
12.0
33332.0
68.18
12.0
33352.0
68.18
12.0
33372.0
68.18
12.0
33392.0
68.18
12.0
33412.0
68.18
12.0
33432.0
68.18
12.0
33452.0
68.18
12.0
33472.0
68.18
12.0
33492.0
68.18
12.0
33512.0
68.18
12.0
33532.0
68.18
12.0
33552.0
68.18
12.0
33572.0
68.18
12.0
33592.0
68.0
12.0
33612.0
68.0
12.0
33632.0
68.0
12.0
33652.0
68.0
12.0
33672.0
68.0
12.0
33692.0
68.0
12.0
33712.0
68.0
12.0
33732.0
68.0
12.0
33752.0
68.18
12.0
33772.0
68.18
12.0
33792.0
68.18
11.0
33812.0
68.0
11.0
33832.0
68.0
11.0
33852.0
68.0
12.0
33873.0
68.0
12.0
33893.0
68.0
12.0
33913.0
67.82
12.0
33933.0
67.82
12.0
33953.0
67.82
12.0
33973.0
67.82
12.0
33993.0
67.82
12.0
34013.0
67.82
12.0
34033.0
67.82
12.0
34053.0
67.82
12.0
34073.0
68.0
12.0
34093.0
68.0
12.0
34113.0
68.0
12.0
34133.0
68.0
12.0
34153.0
68.0
12.0
34173.0
68.0
12.0
34193.0
68.0
12.0
34213.0
68.0
12.0
34233.0
68.0
12.0
34253.0
68.0
12.0
34273.0
67.82
12.0
34293.0
67.82
12.0
34313.0
67.82
12.0
34333.0
67.82
12.0
34353.0
67.82
12.0
34373.0
67.64
12.0
34393.0
67.82
12.0
34413.0
67.82
12.0
34433.0
67.82
12.0
34453.0
67.82
12.0
34473.0
67.82
11.0
34493.0
67.82
12.0
34514.0
67.82
12.0
34534.0
67.82
12.0
34554.0
67.82
11.0
34574.0
67.64
12.0
34594.0
67.82
12.0
34614.0
67.64
12.0
34634.0
67.82
12.0
34654.0
67.82
12.0
34674.0
67.82
12.0
34694.0
67.82
12.0
34714.0
67.82
12.0
34734.0
68.0
12.0
34754.0
68.0
12.0
34774.0
68.0
12.0
34794.0
68.0
12.0
34814.0
68.0
12.0
34834.0
68.0
12.0
34854.0
68.0
12.0
34874.0
68.0
12.0
34894.0
68.0
12.0
34914.0
68.0
12.0
34934.0
68.0
12.0
34954.0
68.0
12.0
34974.0
68.0
12.0
34994.0
68.0
12.0
35014.0
68.0
12.0
35034.0
68.0
12.0
35054.0
68.0
12.0
35074.0
68.0
12.0
35094.0
68.0
12.0
35114.0
68.0
12.0
35134.0
68.0
12.0
35155.0
68.0
12.0
35175.0
68.0
12.0
35195.0
68.0
12.0
35215.0
68.0
12.0
35235.0
68.0
12.0
35255.0
68.0
12.0
35275.0
68.0
12.0
35295.0
68.0
12.0
35315.0
68.0
12.0
35335.0
68.0
12.0
35355.0
68.0
12.0
35375.0
68.0
12.0
35395.0
68.0
12.0
35415.0
68.0
12.0
35435.0
68.0
12.0
35455.0
68.0
12.0
35475.0
68.0
12.0
35495.0
68.0
12.0
35515.0
68.0
12.0
35535.0
68.0
12.0
35555.0
68.0
12.0
35575.0
68.0
12.0
35595.0
68.0
12.0
35615.0
68.0
12.0
35635.0
68.0
12.0
35655.0
68.0
12.0
35675.0
68.0
12.0
35695.0
68.0
13.0
35715.0
68.0
12.0
35735.0
68.0
12.0
35755.0
68.0
12.0
35776.0
68.0
12.0
35796.0
68.0
13.0
35816.0
68.0
12.0
35836.0
68.0
12.0
35856.0
68.0
12.0
35876.0
68.0
12.0
35896.0
68.0
12.0
35916.0
68.0
13.0
35936.0
68.0
12.0
35956.0
68.0
13.0
35976.0
68.0
12.0
35996.0
68.0
13.0
36016.0
68.0
13.0
36036.0
68.0
13.0
36056.0
68.0
13.0
36076.0
68.0
13.0
36096.0
68.0
12.0
36116.0
68.0
12.0
36136.0
68.0
13.0
36156.0
68.0
13.0
36176.0
68.0
13.0
36196.0
68.0
13.0
36216.0
68.0
12.0
36236.0
68.0
12.0
36256.0
68.0
12.0
36276.0
68.0
12.0
36296.0
68.0
12.0
36316.0
68.0
13.0
36336.0
68.0
12.0
36356.0
68.0
13.0
36376.0
68.0
12.0
36396.0
68.0
12.0
36417.0
68.0
12.0
36437.0
68.0
13.0
36457.0
67.82
13.0
36477.0
67.82
13.0
36497.0
67.82
13.0
36517.0
68.0
13.0
36537.0
68.0
12.0
36557.0
68.0
13.0
36577.0
68.0
12.0
36597.0
68.0
13.0
36617.0
68.0
13.0
36637.0
68.0
12.0
36657.0
68.0
13.0
36677.0
67.82
13.0
36697.0
68.0
13.0
36717.0
67.82
12.0
36737.0
67.82
12.0
36757.0
67.82
12.0
36777.0
67.82
12.0
36797.0
67.82
12.0
36817.0
67.82
12.0
36837.0
67.82
12.0
36857.0
67.82
12.0
36877.0
67.82
12.0
36897.0
67.82
12.0
36917.0
67.82
12.0
36937.0
67.82
12.0
36957.0
67.82
12.0
36977.0
67.82
12.0
36997.0
67.82
12.0
37017.0
67.82
12.0
37037.0
67.82
12.0
37058.0
67.82
12.0
37078.0
67.82
12.0
37098.0
67.64
12.0
37118.0
67.64
12.0
37138.0
67.64
12.0
37158.0
67.64
12.0
37178.0
67.64
12.0
37198.0
67.64
12.0
37218.0
67.64
12.0
37238.0
67.64
13.0
37258.0
67.64
12.0
37278.0
67.64
13.0
37298.0
67.64
12.0
37318.0
67.64
13.0
37338.0
67.64
13.0
37358.0
67.64
13.0
37378.0
67.64
12.0
37398.0
67.64
13.0
37418.0
67.64
12.0
37438.0
67.64
12.0
37458.0
67.64
12.0
37478.0
67.64
12.0
37498.0
67.64
13.0
37518.0
67.64
13.0
37538.0
67.64
12.0
37558.0
67.64
13.0
37578.0
67.64
12.0
37598.0
67.64
13.0
37618.0
67.64
13.0
37638.0
67.82
13.0
37658.0
67.82
13.0
37678.0
67.82
13.0
